10532
11474
7311
16834
12455
17414
2038
10854
13072
19139
3953
4615
8393
14193
11747
7240
7150
19812
938
5626
8206
13580
14447
10230
14239
3235
2404
8168
19530
1940
18532
327
10762
14727
9235
16919
10425
16534
3106
18251
5280
4847
7114
5741
14047
198
2767
9091
6473
8708
18592
4961
16050
289
15526
15218
1376
12229
12820
17783
17502
9022
11037
15708
7334
16076
19283
13606
3861
11783
5030
14004
10692
15698
614
3524
17065
9885
11544
13290
8803
9115
4269
10390
2353
17596
9053
12035
2707
3747
3103
2510
9241
11113
7664
14011
3952
2337
19664
13923
6751
15976
388
5724
8685
1964
6151
5625
10803
10988
3742
3118
5901
6437
9540
9870
4995
7066
3667
1344
11812
11151
6563
16819
14690
8981
11990
19991
5650
12333
8894
11705
17471
8359
5341
17943
12192
15660
18530
3167
17163
18465
6858
6426
4768
16661
1615
8612
13071
12845
6419
18333
14017
1405
18167
16503
12735
18228
16902
9909
10437
10369
19774
17080
12151
5378
7487
19567
15064
6476
1393
3604
17703
15003
3793
12746
7291
4627
4825
3241
9760
8836
10920
7466
12112
189
1103
19352
17988
15540
17690
11588
8152
5318
7621
1591
3657
6114
15881
19659
11327
1333
8074
3444
4333
6695
5824
17709
7951
4267
2788
14034
15868
16470
5926
14183
10075
19600
2336
15646
11844
8567
4638
19811
10936
4677
2154
3728
8979
13804
10003
3392
12749
5447
11034
17020
2591
9956
17390
15088
19515
16320
2197
14869
15047
18980
11894
559
8434
830
5662
10190
11950
7898
8246
3974
12686
3202
7388
4968
13562
2222
10837
4481
17941
4852
7885
3705
2472
10453
7028
5321
12533
2598
4223
10374
15978
15618
6211
12092
224
9545
16778
7541
18672
4719
12260
8313
3282
8898
4926
18460
13357
17093
8523
5327
11094
2738
611
14162
8760
5359
2281
11008
15369
12694
8991
13457
2766
2892
2077
19053
7562
18798
9481
3371
17721
9293
12087
3259
6894
15151
6617
18255
3296
9193
19473
15791
14982
625
2745
457
208
4879
16043
3538
17888
16853
9960
2592
14525
5569
18513
5997
11872
15879
19280
3208
16367
2177
6208
17003
1385
11995
4020
13182
645
15671
4917
7997
3655
12513
19526
17264
1752
16254
18875
946
17808
7964
14722
18217
14189
9559
19288
8123
1303
15769
15529
14238
7856
354
12603
14737
2
3649
791
1348
2656
5595
8531
948
16042
10460
6904
13700
18934
11054
17400
9853
16240
5334
18238
11759
3420
12893
3051
10838
16168
17068
5994
9579
763
14337
8852
12479
13658
984
14949
5219
7392
1504
4491
1588
5456
11929
6519
7406
16501
13205
3328
1249
14999
8621
13663
6259
12053
4648
15420
17764
7420
18026
3668
14144
5516
1690
11206
7600
11679
17933
18190
12339
10776
7372
7546
7391
2356
5660
6153
12369
5599
15476
13972
13759
16005
5853
7697
14344
8874
9732
11570
17688
12771
7401
16818
12617
3601
19847
2360
1846
11178
4133
2030
1541
8763
11852
1702
12238
10825
13165
8895
14063
3621
7619
14278
7812
18706
17148
12841
5646
16452
13050
12697
1793
9703
16361
13392
8115
3085
15044
18092
3806
13091
19462
9344
17893
12929
15543
14677
4947
11943
2850
6081
11123
11018
10131
17650
16623
2512
711
4591
18553
9778
981
10193
4881
15474
549
14218
8428
5982
6157
2882
7252
10461
11332
5233
9451
7786
11415
13609
11505
438
18163
12865
5503
7235
19504
7903
8734
2302
6042
3770
599
7296
15590
12285
15865
13280
6333
14031
54
18164
16520
9299
12244
15520
7957
19160
18199
13020
1072
3801
13134
2246
12026
2467
5538
4514
7994
14686
7418
8666
12302
1009
12221
12559
17406
16114
9056
16896
17430
10025
14650
13593
1716
6604
17849
14573
12496
6444
3798
1514
19880
15904
12361
5177
15688
3481
14015
17144
7904
6660
3673
2439
8118
8963
1420
11967
330
14256
910
4441
12949
3294
4153
11238
12040
19032
15181
2913
13346
5950
17631
4007
3688
1095
19553
4711
1020
19943
16777
18812
13761
6507
220
4543
8108
13626
19919
14906
3283
6360
16410
19025
1196
5400
18943
18491
3697
13807
3603
2084
17711
18110
10713
16395
18241
1050
5930
14940
19213
17501
6236
11233
11205
3847
14976
15121
18937
3906
3501
11870
2237
13184
556
10985
6992
17725
17320
7901
5771
11738
4417
6373
17463
18083
3150
6581
17556
2480
12785
3547
7853
16987
10177
17751
11479
6678
17732
14886
18772
12412
7251
6711
10404
945
17816
17325
17864
19174
18022
127
13786
9023
395
12776
16061
13728
6144
11527
17504
11462
6223
2458
6562
18989
3729
11270
6072
529
5884
9932
2762
1359
15621
10347
6900
11273
13400
17615
2158
8330
4902
2999
16307
8303
2260
4285
15490
17534
17055
15350
16761
11031
2131
3213
4635
18354
11287
17226
4345
3329
7567
11257
12373
16378
2132
11780
8374
7351
11453
6769
15277
6005
3917
13995
11734
16443
9938
794
4222
12740
4131
3072
4722
9494
11291
1697
7409
9603
16715
13866
9320
15170
13793
14743
15541
15043
2021
4705
15722
3425
1685
5945
2046
9112
6939
4599
6447
19987
6243
13704
16009
10760
13060
15892
11161
6719
9377
15166
510
11285
8024
17285
3869
16337
5739
1061
14607
8146
8217
15711
3147
16081
2461
2966
17685
8838
12046
14746
13939
17366
7290
5693
4485
2532
757
15934
434
14717
11525
4059
16908
13708
4619
9836
8452
12217
13198
19001
2430
2651
6559
14873
19416
11675
15606
3706
8998
19023
5315
13608
16978
8296
5246
16347
1797
10686
19092
9388
19627
18388
15506
17354
6860
3457
3652
1367
15193
18538
19505
5526
5110
14695
15299
11336
10008
13225
3834
8989
11312
14595
2646
16036
1464
3197
772
4636
15764
5419
2283
14449
1437
14216
13051
3086
5272
3828
10589
2456
6188
16627
15091
8360
16614
11547
18827
15627
6788
17058
17788
4183
4517
12719
6837
5652
8271
14620
7244
4523
19683
13590
13875
2364
2636
18298
17800
14094
17167
11739
5955
2803
7389
14639
11960
13308
7987
16127
8881
8233
963
12657
12321
6775
7187
690
2593
2000
11227
11858
2354
13030
17251
8453
11980
18598
15153
5497
3504
15247
14233
8284
4401
2782
2389
5669
13587
3993
10578
6214
6911
3005
2851
16871
17198
307
9681
2178
1833
13025
3998
8717
5460
7804
5461
14396
5284
3872
17605
14499
5270
18323
6951
1332
8315
9228
7949
7766
1319
16594
2285
7501
16610
4736
19591
10498
16744
3842
9029
6354
13526
9936
18953
5774
15969
7700
19621
15763
4746
1400
10175
565
6303
835
18724
17500
572
2758
12431
18345
995
11362
19411
19029
12305
11521
3654
2232
14577
2270
2386
1135
11561
11596
16269
7118
6602
3122
5008
10982
9725
13173
7121
6368
1873
5551
14375
19279
6503
8228
8942
15072
12372
7999
12021
7690
2517
1843
12501
12693
13998
13421
4721
4563
6527
7797
96
406
13528
12154
14569
13881
9399
7367
5881
13496
11150
3344
19472
6083
19226
2708
14148
6574
6128
8790
13131
1197
12685
11657
2790
19058
8027
12737
13195
2714
9739
5185
5454
1782
18409
5346
8180
17594
2686
9515
3618
162
8574
3316
12829
2419
5258
19080
2435
11817
1561
10260
9166
14862
3822
13878
3650
299
2903
1634
11419
16821
6048
19646
13241
2516
19400
15755
17902
11831
15195
9961
9829
14931
1122
13736
5372
12493
9855
687
10067
19996
3559
8802
853
4114
1543
9333
8921
691
11071
10623
18064
4357
27
9001
2221
4723
17967
3084
12973
13363
19754
234
3058
17699
14944
15230
4738
18253
13540
16516
11013
6828
97
16675
14391
6845
19985
5924
5018
12837
16658
14989
3950
17561
69
18315
1545
10710
13739
19705
7940
10769
1218
18848
473
11149
16599
2247
5193
11157
4846
12526
4625
6116
4287
9650
16759
13523
16403
6511
4191
7131
6138
14738
11658
15431
13909
5380
12605
12767
3702
8367
1679
16332
8140
12823
12803
12037
13159
11243
10398
18195
9698
7194
5432
1799
1769
18626
6365
18634
9093
5931
9868
15814
10625
70
548
12922
16388
14398
5865
18484
2321
11103
6686
8052
9252
12960
5060
12160
10638
1450
18597
4716
11884
17633
7073
11713
8792
15201
11608
209
12878
15767
6256
10471
18862
8772
14505
11043
5547
18227
1829
18194
18010
10405
19069
11958
10484
8061
9654
4754
4216
5254
7032
7084
7780
12470
16551
4605
4701
762
7289
19848
10995
5966
15
14594
1943
10428
9194
17460
16961
8648
16927
11628
672
10835
1552
1993
12268
11051
16454
12103
4928
9652
19188
13437
16640
15730
14697
6716
2531
4262
18783
2721
1248
12503
2811
6054
10817
15033
4066
11769
6667
19854
6470
9423
11432
11518
5578
18198
14427
8267
13214
17952
2094
14796
10554
14088
6013
16273
12913
83
1796
14821
11916
10377
12812
238
12472
461
2207
13067
16737
11324
11483
18714
1939
19557
5838
11552
3511
1091
2248
118
2937
11002
18565
258
15069
11702
5791
17255
14357
4777
637
7057
9489
14430
4972
2103
14636
12732
16199
2634
656
14740
7147
11733
4971
6485
11971
11361
14246
14532
17505
4289
10442
9486
18294
19668
9463
17377
7889
9054
19460
7383
5090
19675
2327
11047
9263
16858
3997
8743
16476
17963
16177
18851
8165
3849
2780
15263
10707
5749
8234
3370
2733
12682
7174
6420
9313
1924
2203
13152
5861
11926
16875
826
9784
14748
6949
16165
3727
18318
16204
3633
18728
17416
5755
2055
15517
19346
2443
4900
49
7139
777
17882
17731
4713
14266
13297
4830
9279
16958
1036
12019
8004
18521
6551
13542
4731
867
16695
6755
3960
16580
1906
13276
10321
16801
484
6375
12830
10233
10303
11347
7403
16940
583
1786
3137
3302
18522
11768
6762
14403
13208
4977
14428
19741
16238
5851
17319
7030
5797
9078
9518
17178
242
16793
17300
9604
17428
10298
19626
5414
1379
14046
1576
13338
11236
4800
11691
9880
15914
6097
14321
13688
4557
17154
13713
2445
10098
5799
9557
19430
9981
11502
13386
14730
856
10216
15105
1460
15266
9745
18231
13306
17057
16699
16698
13750
677
11965
12832
12159
13871
10634
10059
3871
10227
6950
19287
8105
5894
19257
15239
18282
14703
2466
4185
1202
10796
18202
16211
19351
7643
8647
17970
11985
284
18466
7752
3313
17027
15082
353
3073
1468
14899
10115
11451
1724
10927
6129
3748
16844
668
9470
18846
15928
14293
16596
13778
11859
9889
2190
5527
16950
18418
780
3044
3545
18849
6680
15402
13492
9409
16738
7415
10140
16626
6033
12547
12010
17756
16651
16304
2119
3326
7060
6248
1600
11848
14608
18382
17229
18171
13380
1613
17429
663
4810
13361
12807
18374
13287
10869
3257
3298
10220
19564
782
554
9572
10600
4165
6377
195
2853
1199
5502
17352
7467
11772
6697
15651
12417
19520
17518
10047
14127
16249
1012
19222
18796
8872
3485
19167
4587
18462
12069
3442
7151
9621
4376
5343
1648
18669
6807
11162
1138
12742
13424
11382
8718
12365
2322
6690
11282
4313
2491
9251
2168
15953
11729
1573
15293
6792
18628
16141
9406
8135
19510
9459
8678
4027
16346
14662
18003
7414
4163
17934
3220
14611
1467
10466
15652
5351
16957
13233
14903
3060
18332
8100
17855
1766
6856
6651
7435
9964
4949
3145
1039
12188
3463
13132
4564
15988
1812
10723
18895
5086
12468
7755
9387
9818
7054
2548
17025
5052
3265
3554
3428
11558
7400
17490
6838
19598
18348
13516
8418
6435
3805
16673
15172
14418
329
17048
3642
9704
887
2002
2069
2201
767
10400
12727
18474
3757
968
11984
19095
6953
1715
6819
2031
16146
15568
8774
10464
6867
3740
16554
5230
19189
5768
6871
6932
4468
6784
372
10500
12090
9106
17295
14191
10103
15119
5888
4189
15916
9596
2681
15348
11886
5488
11349
15320
13989
1476
14014
6565
12017
18619
16989
7568
6717
2361
12473
16694
17089
11867
4298
5282
9148
5317
15376
6106
13676
8631
16997
12567
3102
6030
7876
337
8928
366
13239
18605
3366
1361
3666
11126
17209
2372
19422
4782
967
14358
2275
1177
11930
1252
15546
19285
8780
15483
4424
19263
11625
17210
6148
8183
6020
112
16060
4094
12382
155
15089
795
6262
6205
2515
14803
15895
12027
17153
3867
7119
14604
9770
12815
590
13710
7555
5277
7703
3776
5665
5562
10740
707
12290
5704
3277
7212
320
2288
6810
14863
2420
1311
15930
12698
18377
17858
12089
249
3602
8515
2101
11495
4152
11165
11897
18663
15224
2927
18500
6582
3247
17641
6338
8098
6536
19045
8532
2043
16400
17185
6070
7988
10579
6683
9020
7042
11735
4136
1647
13876
2307
311
4612
13752
12235
9939
13943
13485
15984
169
7725
4870
16923
14346
2292
17038
6926
14486
4247
1567
2289
8465
7490
5034
15298
9577
6321
8164
15034
13447
18490
8543
12539
17143
16763
2545
442
14711
1158
10521
16855
12751
10219
2936
11794
9315
7645
9891
5118
2476
2054
12060
3609
13731
9955
10877
111
18968
10239
19082
9476
5234
10089
15782
12282
17984
3579
6427
12543
18324
1
14832
19034
10944
41
5091
8357
14794
18721
19771
7573
5576
12061
10348
7023
18086
5381
9686
13168
6429
9137
14431
14419
14103
14749
7433
5636
545
14197
15337
5783
12828
7105
16869
3565
6268
226
19815
7358
5603
5472
8810
16792
7449
16160
12552
2576
2016
17418
1233
4407
7489
17190
19512
11253
15291
5568
4558
7087
18643
1481
19821
2572
18424
13565
8922
15524
1801
10213
11638
172
3994
575
18811
12946
6772
13992
14511
8809
4920
8029
11250
17860
927
18662
6122
18150
6901
14907
4933
15909
3563
4773
3552
2315
3679
19757
1245
15192
4070
4497
12654
2342
13690
291
12353
3207
8924
8638
7975
17260
18288
2330
8918
15414
1954
10922
14784
19090
15729
16797
684
9731
14827
14670
6647
12768
19868
18583
5736
3945
6909
1515
8131
13904
3333
12712
14443
6161
2220
6234
2305
6273
7340
12337
11045
781
8063
18682
7553
15150
10217
2894
11466
9386
10296
17613
4574
13698
8371
979
17642
4250
8215
8457
5384
18106
19568
1046
1271
14395
19680
7892
15249
6306
19582
13396
11655
5186
9390
6699
6516
8558
15634
16078
8823
7202
18229
11535
6976
8031
11044
14596
5561
17506
12088
10856
15665
8311
5256
10247
19459
15795
4033
5148
9132
17043
17335
19094
2525
9613
5933
8058
5397
19792
12643
13652
17122
15883
12401
17646
10651
19073
6618
14225
17578
4804
14991
9774
15356
10315
6102
29
16174
9014
8753
15607
11183
4375
10644
19297
7857
1598
10208
1208
2599
7636
1908
12306
16523
7596
16826
3825
14526
12769
4258
12327
4692
4613
15894
15670
2657
4904
17866
14885
1900
19540
5005
10951
12467
17189
19929
4087
28
1040
2976
10824
1654
4319
2902
16674
1139
11972
4655
14135
9714
16548
1847
17127
9713
1998
3233
19982
4041
12680
16662
11406
8855
562
9062
335
5050
10126
9682
3918
9413
5672
6808
7916
10635
12521
3010
14209
17367
2697
1709
11555
19561
8776
15430
10287
8299
5026
15749
3456
7220
6818
17837
5917
6590
7775
14692
5169
7597
250
13928
18443
4462
4901
2809
11283
9305
12518
16298
10311
10662
2710
19562
16289
11374
10448
11582
10862
13387
8389
5221
11066
2127
8676
2952
6287
12486
3262
5278
13884
14351
15453
19907
16472
8653
9951
11815
12665
5303
12073
8806
6196
14298
14704
5485
2581
476
15023
1329
13224
14900
13867
1892
9614
10800
17552
16422
19383
9716
4431
6835
3546
6954
17044
5387
11155
14767
6461
1754
1914
13684
18999
8767
14372
16555
1459
11540
8932
4351
18249
9777
2216
11778
15278
2202
5301
10044
5120
7460
7632
13309
15489
9464
3787
17604
12457
4097
3683
14368
7146
5489
9402
15145
14551
19801
2110
4402
9159
675
12012
12430
18918
18380
12726
7055
7138
13579
11981
608
9125
10489
7419
6849
16271
14799
11624
17306
16144
2828
18589
6216
12403
9905
13157
14961
15842
18104
3789
2352
12149
270
16941
4838
17008
9040
17364
18861
14190
8193
11835
6238
5498
5449
12
1692
7890
15803
15100
4991
7552
17660
13202
8615
7967
12184
7842
14507
9327
3712
5619
8948
5490
16122
18639
19293
8221
7104
19354
17606
15943
6631
12212
5964
12857
10778
8188
4618
14651
13870
7254
3094
3607
2665
15325
15695
4783
19156
3034
8278
2682
6458
1495
3529
11745
17944
17872
16260
4022
7124
1760
994
12245
13024
17135
8637
9047
2835
7512
4525
16649
4100
650
9555
9048
1395
16151
3571
13149
8283
19584
9846
8197
2088
18025
7617
11476
4390
10564
1281
4436
1971
2291
8959
9262
405
10159
12247
15345
980
4048
8298
2712
10814
7245
11970
16475
1380
1439
15544
13660
4960
3846
4171
641
6027
11785
7944
5175
11983
17468
12781
13047
14632
17137
3658
8051
1849
6905
15196
16866
2978
2173
11029
16214
13389
6924
5571
1878
16187
602
6718
19446
6705
17033
4952
16786
9958
16420
17799
9072
6339
18552
12891
2981
6529
16220
16221
5870
816
9971
12730
2896
5858
16459
13638
11979
4116
7814
5201
9168
785
9666
9272
13439
10891
9710
268
6351
13144
11660
1183
12624
18821
15780
3245
44
3508
6221
16535
15215
17610
15748
11177
4588
15591
12861
15322
15731
3992
14859
12871
7189
7919
16532
18616
15623
14317
10297
12506
14775
4108
17473
13534
10304
8332
15399
3887
9382
12774
15557
18755
6411
11026
15616
6263
6657
10062
7601
7294
19786
16965
2403
17652
13234
5706
17415
8488
1848
10271
11813
10345
14053
11184
3055
2468
2723
10612
16867
11559
1016
2988
15451
940
19539
4585
5918
8669
18988
683
12413
3335
5592
15426
16393
16505
15819
10563
18360
17845
9198
4321
13680
935
7177
4099
37
6462
14724
8062
18166
2901
7481
3979
9733
9600
93
7258
1383
1544
13078
15917
12072
14623
10091
9605
1563
4578
9695
15243
4335
19887
1058
4125
15991
15035
11197
16570
5007
7393
4540
14995
19207
16998
18123
3881
18175
8236
15647
16465
18645
15504
13612
10485
1739
9882
1242
9949
12299
6075
3343
680
1217
11696
6002
2691
8577
8092
1761
14484
18121
13393
10057
11538
3641
7709
16080
952
240
497
19372
3615
5073
9206
3756
9662
4593
3152
15841
18136
18782
17607
12508
10290
290
8416
7610
12171
6386
14641
19349
7828
19041
5162
3976
5875
11350
14416
5379
13935
17601
15967
14587
1884
17677
1146
7214
13947
10362
5130
12424
14562
2645
1441
14086
17575
19426
3496
5103
17243
12140
10977
19467
1572
3999
4765
13081
10187
19994
11141
9576
12346
10408
5345
1693
4664
2229
18413
8586
1674
6630
6831
4911
14115
5967
8815
2426
14133
4372
2093
19790
4685
6765
7894
17989
10146
7408
13304
1521
4415
19301
4196
12919
19580
1340
14153
2145
11516
14100
873
19290
11146
17986
3743
2036
11269
7784
18517
10848
11344
17432
19230
2722
2142
10746
8906
14509
4510
19039
5466
8214
4842
10120
12332
8602
18043
11131
16063
4174
13803
2557
7771
6293
17233
17332
12700
19028
7608
14955
5938
13990
3429
13265
13256
16637
12492
10331
17386
1377
9673
8174
4743
16493
882
1631
17408
3883
2829
5813
12063
10602
19211
8478
1512
17440
13402
3632
6400
12648
696
11889
8072
16447
8887
9133
5890
16442
4815
10679
14592
18179
15875
8308
8889
11878
12689
6334
8756
11330
12059
8629
7847
18651
11391
7576
4857
2005
5027
3142
12705
18263
15630
13844
5628
11494
4014
11861
779
8368
16087
7673
18160
13158
14844
1314
8482
15050
6389
5003
10924
12583
12297
2558
11757
5844
17286
16881
15838
11160
14950
17266
19487
18061
13094
12797
19595
18389
990
6235
4030
1525
18976
18247
17538
3416
18023
12941
2195
3412
10967
8423
7837
17571
15427
15617
2135
12850
8606
17
14714
7952
6049
4609
11032
9528
13883
9098
16028
8929
11317
5293
4953
15493
17261
12490
18684
17287
19537
10930
2490
6564
6117
19878
12407
10201
3246
17624
9497
15519
4875
12596
3281
17240
2485
15262
13110
2034
15662
4198
7051
9340
16341
18427
8620
19122
904
5721
14130
7549
9119
213
4647
8436
8595
18813
18842
12631
9124
19081
7257
2124
16380
18196
8551
17427
14621
1957
15491
10050
9529
18900
13615
3909
8229
6779
7871
600
18582
19465
19494
18845
15282
16732
18995
19975
7107
13133
2752
14366
10957
16838
5748
4157
4201
1636
7633
7732
919
5057
17138
15743
5637
11863
17628
12608
15252
9285
17526
9609
4342
17156
18461
19899
4775
4336
14487
15683
12629
7491
7565
10888
8301
6124
730
18139
9798
13924
5000
19191
4643
3151
10123
18914
18148
2812
13201
18505
19017
7270
9064
12775
8730
15565
17546
13890
11600
9842
11255
13174
14543
7019
14614
7671
18111
2791
17772
7939
1175
7543
14457
14310
10469
2792
5452
105
14223
13864
9116
12982
211
6684
3819
4658
11486
14570
7881
14965
11167
4465
8127
16324
9467
16342
6623
16409
245
16116
11039
6982
5998
16339
7411
17494
11173
14076
4150
8649
11865
6232
13550
13974
957
14541
4572
9341
12764
7462
9199
18477
11073
15237
1446
14139
6682
2609
8524
7006
5640
16794
10182
11438
12886
11578
4323
6640
18145
6721
10984
5627
14735
16203
4291
14871
15583
212
5331
6239
12380
7862
2577
1978
11999
19367
9556
17010
6168
10477
13620
14861
16536
203
9389
17636
18478
2949
13801
18942
13486
11546
1935
15457
1076
10627
9796
13344
17863
4750
13571
7387
5163
8038
66
18339
14271
17470
18141
11496
15687
8243
1270
10511
14565
13504
17520
19072
8650
13848
17619
3920
4682
18624
3929
16451
19300
13479
7538
2333
4423
15241
3752
12265
18879
16762
3108
18824
2172
6738
881
19369
17133
16423
18119
11005
5463
14988
18516
16963
8010
14404
12043
18604
17215
15862
9095
8132
12129
1302
19109
6370
11130
9804
1425
7726
1689
1116
17411
4487
17729
13771
11753
8652
6343
8770
1603
1043
11256
95
5751
5895
8406
14245
16180
6330
19640
6748
3268
7068
12445
9150
1171
13329
11671
2125
1845
13674
15709
16854
8765
12058
9933
17907
7095
18510
505
8966
4251
7523
9045
11868
8172
14102
19319
19377
2313
14414
4025
3341
4507
15184
12116
2935
12025
3300
8366
19829
1413
15821
12443
13
10432
19711
14021
12663
2117
1326
4307
5054
6664
16518
13725
17579
1133
10169
10046
7229
9010
16538
4717
12844
3513
11937
14745
10279
2644
3772
2602
8121
2129
9705
12952
8059
18197
8687
3691
13266
4012
12901
989
15957
537
12325
16176
19508
10986
15612
15158
17971
19278
3414
1292
19796
10243
218
11065
13260
15093
11242
488
3228
9708
11420
13277
13203
3154
11621
12328
576
9143
3350
5112
18371
13507
19934
16861
13223
15364
2262
15219
9360
2176
18334
12920
14269
18763
6115
15888
7000
5700
18254
11501
6271
9185
12488
3024
6119
19820
3426
15999
17431
12951
17512
13790
6046
19334
9069
171
2473
7448
11942
15180
14142
12225
10268
252
18780
7345
13401
3492
13541
9324
19103
2166
13952
7794
8216
11102
19511
13991
4819
6277
11170
3097
7456
5478
4622
3503
8015
4735
13327
8900
3199
1511
15525
13513
17054
57
16102
16893
2885
4143
9524
8732
11620
7033
19314
15558
6077
10501
297
17745
9167
6300
4697
5101
1189
8249
6524
3949
9590
10254
17382
8277
2113
19603
19698
13879
15314
7516
10958
5203
2343
8639
4148
3760
12281
11663
715
1000
12816
2560
5715
4348
4598
17591
3434
586
13014
5977
19059
6971
19946
2098
14095
343
17183
12131
10804
10786
10431
11403
17510
15395
3696
2411
3550
6295
16617
19617
6878
15025
19969
1916
14072
4606
988
19816
3773
11204
2755
19295
1001
3455
19782
17644
9442
10569
12460
13763
13859
254
11388
19697
13815
15742
1426
16276
8709
9500
1909
14927
18073
13619
1649
6438
14582
8992
13001
7768
19660
3517
17777
9321
14213
351
10954
18189
16110
368
3701
17149
7850
6928
14894
19393
7157
16317
623
8585
18059
8851
14461
15716
10624
10002
5820
18423
603
4063
17771
2109
2930
19902
8864
304
5699
7878
12320
16477
10018
6171
5504
17840
4054
19435
3807
10493
14350
6185
10344
3423
11898
2295
11487
12336
3856
1394
4069
18540
16438
11677
8559
5688
5536
19013
16089
542
8362
19948
14353
7093
12070
17323
362
12323
18498
10325
7067
7186
18627
1458
9727
2718
19855
3826
6086
13022
708
15300
5656
18159
6842
14747
10528
2854
11722
11789
7
1416
1164
16155
15724
10705
1968
14877
15935
14276
12990
3928
6494
13997
4200
874
8078
3525
5632
10504
1969
8965
8883
15464
18695
16268
4241
4466
11911
13171
3330
19180
3183
16939
17821
11756
18804
11836
3499
19221
19406
7363
14210
3518
9869
8237
5548
6760
6643
13605
12416
17797
4983
1642
8692
10992
557
1992
514
11263
16547
9709
6561
6679
19737
12047
2099
15358
16653
309
17031
2673
7328
19610
9057
19461
17981
6195
16530
8723
14069
3800
18032
11286
6451
17443
6801
10787
32
3363
14007
14028
8847
14680
7091
13212
996
18304
14750
11014
18891
15472
7839
8856
7518
8279
210
13090
1327
7332
2460
12566
15700
13063
8742
2371
2931
8800
12277
1074
8957
6897
1112
4667
1240
11040
12551
3790
8178
4078
16663
15564
11724
13873
18961
19732
4227
12399
14915
17120
5816
1893
12900
3860
13414
19391
9473
11987
4640
15850
4889
7216
10885
1082
2820
16434
13345
8917
9851
8286
2740
7430
16468
5094
7817
4762
4217
5718
15527
8144
19679
8402
12671
9274
18987
1192
6754
11316
16222
5804
10158
8408
17537
6111
16567
18683
7528
4594
15001
15179
14091
4256
11134
3319
18305
9248
17859
16479
8689
1328
4242
17092
10586
1822
12895
2280
4945
8544
18981
17110
6948
8211
14992
5145
19498
16845
10768
6745
1960
6466
87
17873
918
14180
15097
13005
9290
2193
634
2566
15657
7873
15510
3424
18555
15530
13319
17257
11139
16430
693
8590
5199
4718
19578
15952
17220
17142
18915
16266
6782
11001
17511
8032
7111
9250
10611
12534
8527
8023
18880
18007
11676
16686
10845
18019
4749
4614
2929
15312
381
4387
1991
14691
15017
316
12133
11302
1953
16108
275
11587
16528
16926
7097
12927
8055
19992
15990
5368
15741
3305
8300
5582
17434
215
11407
11584
14425
857
1896
13145
17277
6446
9844
7868
11988
10310
10548
322
7390
7891
18743
9574
14049
9253
7875
4356
16427
776
14264
8440
12005
1075
235
7344
6615
19606
19695
13926
2702
8706
10143
5638
10695
15860
2607
8407
12209
14252
5500
14937
1193
19620
300
1431
2881
16153
16445
5534
19881
12202
3165
8902
3119
9398
1966
19615
7128
17075
17192
12754
1019
7324
18395
13604
2649
3873
11631
73
7116
16394
9247
3780
15794
12459
13333
14379
14963
588
2973
4844
16097
7810
8097
4226
12146
12720
2759
11074
5910
16424
19531
9677
16931
19778
18795
18826
8175
13741
17002
5494
7835
4505
3921
15718
10443
8145
13776
12851
6947
9224
16461
1115
2541
36
7098
16882
10240
10827
7483
3933
19223
13045
16613
5840
18437
15823
3535
1172
12157
216
9439
1436
1151
7680
50
14460
16312
14810
18729
4050
13899
12408
2944
10616
6589
4761
18349
11799
16597
16693
6059
6638
14483
10607
17291
10797
16546
5499
13551
4974
19984
6149
1049
7753
12745
10335
10414
19047
7699
3116
16328
18116
4408
191
10357
13537
4137
11548
10789
7217
16007
6786
17272
13531
2595
7381
9771
14539
11695
8471
11827
15223
3939
8781
18097
19111
3557
5439
18040
4328
8495
17283
19690
9273
16257
13865
11626
16142
14538
9084
10320
10133
18802
14128
1449
11728
19228
18524
7872
1874
17077
18493
14118
5192
12531
11235
16379
14872
9828
12454
973
11583
12370
4602
14401
9483
15923
17150
15131
884
18140
15308
15712
4799
12747
7326
8540
16086
10228
15148
746
7572
11179
11219
7563
6142
18548
8573
6681
3689
2690
17118
12528
16642
12967
14212
6687
12227
10490
2243
13164
1345
15790
19534
7103
5550
7276
16283
12662
4206
17242
6816
18358
19808
16499
655
8102
19862
12969
8570
8493
12386
2795
16358
14564
18177
11549
1863
12162
6996
12924
6084
14753
3745
14260
18792
19577
19021
9830
4332
9779
1987
6773
2590
13466
6265
17417
18450
4957
3095
17395
9801
17328
12104
19522
9903
19775
4121
6534
12667
19682
5129
7502
19125
14938
8641
15744
12351
12049
15160
3266
11062
13671
9522
13602
12484
12137
10834
17357
11731
10250
17327
10069
5245
4724
14968
11531
8869
1471
1811
12261
17582
6677
14106
3248
3342
6955
1886
8999
7882
2348
10276
18292
5828
16811
16636
3836
4145
732
7469
9163
5519
13244
4600
1011
19807
18212
3899
422
8990
7199
8891
17006
17030
16587
15463
6908
9567
10188
19096
1746
14840
14120
14070
6815
2407
15950
19338
14061
19762
10122
14758
18011
2182
11767
12739
10566
16109
5360
17588
5206
10899
2727
11743
1875
19022
1264
19708
5262
9953
15217
15391
10465
18054
19480
12535
11896
18806
3865
7153
10738
12145
6704
4380
9983
5758
16769
10334
19357
10537
4113
19509
12180
13169
16564
9092
18748
18440
20000
18690
14309
14145
8508
15542
2880
11648
4730
16262
19220
4592
19968
9531
10360
6015
13703
16288
5132
9672
16311
14585
1267
17955
16847
11603
16270
12485
18181
19889
14171
13126
13545
1334
4448
5401
1403
770
5922
2678
7232
13727
2326
16090
9871
11294
7457
1989
9993
10445
13100
10718
16051
681
12168
6396
8668
259
15000
11560
11633
16189
14489
4661
18864
9254
149
18661
159
629
6753
14839
3489
3562
15927
1902
18034
3543
4962
817
9776
5467
15190
12766
6890
19920
19706
7011
10850
16213
2463
3003
12241
6198
19755
3422
5243
3278
12613
8347
19145
14262
15539
13452
19735
205
7065
3965
9697
10395
17290
18366
1520
1534
6740
15603
9223
14751
10900
19966
6356
19970
3175
18357
8247
18222
19914
19171
8173
12761
8996
10743
19701
920
12324
11033
18248
13685
6978
15267
13326
3843
18831
13913
9231
983
15874
4368
4354
8304
12955
15994
10597
3985
9892
4524
9537
15677
15815
8972
5845
15686
10211
4608
6580
12124
5098
8911
15734
1045
4072
11449
16354
11800
10117
8238
10642
15077
19114
14280
10829
19344
4426
7696
18972
9837
17104
15772
12660
1571
12817
10366
10858
14533
15400
2067
14501
6614
14442
14668
18744
11819
12835
1195
1300
17814
802
19453
13950
11652
9083
5697
6713
10821
2444
14910
15245
4827
12303
15216
19245
498
11104
6035
14354
7960
19088
7637
1804
15681
11646
5048
15673
8514
17015
10439
11617
11591
146
9934
8945
16918
6167
10565
18857
868
808
18712
13686
11860
9101
7773
5948
17573
694
10621
13440
3159
11092
2116
10359
11727
4678
5309
3542
2810
3054
11266
1864
11307
3279
7249
9173
13837
2689
16215
455
16326
13197
19375
4650
8663
131
18126
8643
18533
13511
5723
582
12489
14732
16207
17891
15751
6468
6094
3066
18063
17700
17627
7496
6179
9440
717
8654
2161
17070
3111
1142
11509
9136
16053
2509
16390
11259
10541
14736
19756
3105
13360
4831
11091
13632
14806
526
12248
18276
14328
12232
3764
811
3936
3908
18820
12587
11925
19236
7820
14527
16334
9237
8139
7717
19944
10292
3857
9142
1498
478
11240
12028
10394
19599
10859
11129
2097
12231
2985
16566
19563
13701
5775
4601
19315
19056
9379
3811
2500
9493
4101
12814
14319
13574
13554
17585
3815
14967
1066
3644
15692
5727
5492
12696
16700
39
6880
1159
8842
6131
18350
18295
11127
11939
14666
12889
5848
13836
10099
17232
10151
19270
10553
7734
78
2451
5408
14610
17128
7261
2297
7009
1190
9653
16463
18381
4406
11636
5837
8506
6844
16592
18308
14660
17958
17532
18068
5273
11320
99
3332
2058
8821
3653
1032
13458
11098
19745
16106
18941
9204
1696
8623
9362
2184
2334
16646
16654
19401
11210
6588
8245
17478
9487
5929
8328
9608
10289
15412
4611
5608
19980
1826
14720
10665
16903
13061
9618
15024
9508
3014
4331
10811
13781
2395
13013
8469
17369
4951
7423
7021
17936
15036
10349
9182
15139
19363
2453
3212
10923
13742
12896
4656
19281
6691
12564
9925
7715
5099
659
17341
9558
1485
16085
4955
11023
5759
3253
15641
6796
6340
2427
597
6312
5707
18975
6794
8608
14516
9665
2112
16281
8521
15469
9210
13665
7163
1089
5107
17707
6515
15355
9111
12095
1194
5523
16134
18611
7803
13568
16815
1922
3018
15997
15926
16002
8208
5639
19478
18753
12996
10071
454
9554
9996
6258
16701
4476
7727
11392
1814
7694
2252
17568
19571
17486
10063
13782
331
7507
7349
6337
4383
3820
12076
9626
19767
16780
12219
16058
19259
13454
15897
13388
11573
4669
3339
15825
17136
520
15824
6841
1200
117
9267
10916
16015
8511
5370
950
6384
1070
16631
12866
16384
9670
1885
14173
5249
18502
5553
4419
5190
13240
6073
11830
19265
5744
9300
15580
3306
19717
4712
16231
7144
16170
8794
18257
12444
8202
7445
9432
5015
3352
2224
6051
17453
18364
17843
16754
13405
10736
18469
617
6120
1484
8109
6345
4460
1238
6264
4539
6960
4158
11260
17567
18078
11056
4301
367
8255
4498
18369
15586
11808
7558
18791
15912
15693
15324
4533
17254
16274
1718
17305
7813
9916
4450
51
4001
15411
4784
16023
2562
17022
8201
653
61
17850
17961
9255
1772
1676
12760
19341
18398
14789
19696
2188
18585
1136
14079
13064
10138
3479
19704
15178
8786
9975
16265
7017
922
12542
11248
11562
11948
15401
5253
12699
18603
380
1524
8479
16764
10516
14491
1777
17661
10350
894
176
4715
1236
5373
8746
19464
4837
3036
13275
9503
14370
1945
10406
18876
6636
8522
12644
9867
10921
5506
9831
1452
13505
6579
1165
13798
709
2823
4362
11464
13527
5083
2385
17046
19859
10244
10895
3464
16916
5165
4987
7527
2413
16727
15086
12636
10475
17371
15701
5127
12849
10678
15933
12007
17769
2864
4239
2922
10351
13083
17493
7985
10698
891
1352
16932
3510
13937
16728
3523
10021
3317
8354
15125
15220
14788
9668
8588
8378
11840
18280
13263
7484
7648
13098
4896
4624
15936
8446
2995
8813
17972
12402
12237
8177
17425
17403
7955
9369
13774
9131
4056
5605
17810
11418
15640
18985
11096
3052
4668
15492
9622
16132
9968
11962
12251
8950
5956
5788
1536
4353
18859
10571
8129
3389
12287
829
5684
9671
18965
11111
5661
14494
5893
11140
19558
13261
3088
2090
277
17211
12961
10525
8958
9448
2825
14956
10132
401
9974
9560
5224
6991
8002
13399
2481
1620
7472
19647
12983
16482
19612
13503
16679
7362
17164
11331
2212
10962
12218
9685
15352
18531
11842
951
18467
7037
14544
17227
8005
10749
17962
9499
6008
15354
2764
14082
11215
14765
9748
3827
8397
19839
19533
11770
13757
5096
15655
19832
5404
5102
18566
2265
17894
17993
18448
7295
8385
13637
10917
4921
6486
18052
11885
14229
12057
13316
8305
11342
4663
17815
13408
9965
7831
4897
2141
2650
6962
1682
14286
18187
8022
2699
3519
18751
9633
15501
11021
2317
17166
5149
16255
7932
16831
10496
360
10766
15977
6422
19284
4549
13765
740
15045
12193
2148
16852
13624
14932
8156
18670
5016
15232
18705
18204
15922
1592
427
10061
5708
16582
2919
6089
18822
14302
6942
9690
4854
19126
462
3191
490
11666
18771
6872
16713
2666
4538
13419
8009
9629
10533
18415
313
1315
12589
19954
8745
12796
16802
11426
2257
10421
6570
16563
1424
11083
13969
465
12718
11171
2776
16676
4162
10685
10322
10382
1185
7639
16098
19834
15255
19569
298
6525
12772
12734
16322
2377
4939
7570
18946
1465
17267
4311
18142
9134
18341
15363
8429
16294
8927
10937
14542
4789
14462
1301
5801
17337
13093
17603
12318
7210
4132
19543
540
3771
2647
3553
19882
2694
18778
19217
12119
12096
18072
89
14998
16724
14244
11000
17741
11818
5176
13497
2010
15421
6257
18331
11754
14579
13830
166
17931
6318
8575
5155
14184
12176
19744
18060
662
9532
13973
17996
241
3057
1203
12592
5593
11109
3875
19384
15783
16302
15956
2855
9412
16279
5999
4494
10419
17492
10262
17062
15309
3986
2362
13015
9085
1169
3027
5174
19291
16316
2729
6441
9205
13898
3527
18675
9700
11470
19560
4702
2798
11112
5690
19573
18735
899
2827
4526
2159
5395
16710
16630
8274
124
13034
18509
8194
1753
1336
12971
19963
3981
6176
11480
3393
17315
6202
14084
8930
19336
2210
2233
5033
18375
13215
18539
10259
8198
11473
765
17645
14971
4584
1745
13413
5281
13714
7945
3845
16418
14470
17643
16569
11207
860
1411
19960
9310
6342
18082
2239
15818
5338
4770
18917
4452
8473
5424
10487
13112
1261
16077
7965
15471
5943
2984
8888
4714
2554
18551
6653
19043
10683
7079
18785
3421
6417
9657
13852
13858
12963
16210
7907
5257
14879
6929
10479
19386
14593
287
4180
1235
3722
11997
2276
16508
5044
16229
10068
6537
458
524
15202
5480
19276
5217
7323
13446
17307
19651
11120
13475
18057
17973
6655
6145
9006
9861
3310
5154
14672
4127
13119
1771
8627
2449
4795
5209
13607
6222
15987
7074
6861
3947
16842
1430
11121
19518
15571
10194
8490
17611
1024
19589
12378
11303
13404
15279
16406
4698
8057
13455
10581
5766
17021
2072
7155
2341
15379
6298
4126
16632
10450
12550
14258
9815
15596
1637
10495
2049
11508
2279
10212
394
19064
2565
19501
8154
18242
4894
4019
11067
15609
15382
11682
14488
2071
8720
1562
19302
6288
706
4459
3674
3132
13814
19070
4981
14463
12864
15149
19150
15831
1656
14785
9840
643
7684
8077
15594
8489
12635
9434
4479
6096
17101
2635
10049
4518
14552
12084
10441
14005
8222
13140
16067
11017
14676
2842
16083
6007
19506
13368
12362
14472
18932
8546
11234
18715
5134
9041
15629
4115
12491
14467
13356
17666
7747
19347
7297
1068
12932
3299
9215
7981
745
18698
17041
12434
8451
5577
19776
18733
16033
14287
6416
437
5180
19237
5921
8269
12979
13729
9877
19517
1963
9080
9334
4604
18024
13585
164
4867
18534
14888
16510
11383
14850
3584
16223
5312
8321
7219
9088
8839
13409
7877
8550
15884
14125
19360
631
3445
3948
16988
16977
10070
5976
991
6965
2423
18803
1205
5342
9619
5960
17765
4156
18118
9520
16643
15598
6357
10364
17559
3970
10451
13705
6731
10065
18096
7798
8134
2905
17653
4745
14771
2402
16891
7667
9436
19184
8133
12962
3415
15071
7948
6055
9000
16383
18289
9036
15954
15992
18557
5642
2653
10205
10459
9337
10503
6040
4026
12793
17017
11606
2026
16292
2374
13963
7234
5403
11346
6299
12675
10375
10004
18151
7109
3664
9920
12972
6548
4488
9737
7807
16583
17689
7273
9517
16835
8196
17950
4205
18542
19298
3941
2273
10173
11356
1184
4411
7142
17451
2941
18384
17159
3240
18718
16930
9021
2023
13905
8320
9620
11281
6508
16197
5021
12359
6359
13003
18931
5195
5556
18012
14887
18426
177
8644
12030
18397
11099
8225
6491
9052
6230
18787
6530
7830
17259
16056
6556
2953
14928
18708
10401
15582
4257
5819
17397
4197
16684
3879
3447
1997
19427
18370
17701
15812
3509
11634
731
2817
9679
11755
5558
18773
9103
3272
15545
1088
5618
5227
16748
19516
9615
5251
6186
18317
6847
19958
5125
12187
17669
15762
12524
11394
3023
8798
217
2824
12426
2100
4566
8934
7133
11875
3788
8417
15375
14023
12601
4781
12981
9729
12773
7702
6088
11914
19471
3361
10675
19956
3914
17088
487
14024
13906
16490
486
14823
17782
19652
5800
10073
10468
18455
19208
12338
7382
1736
2642
8995
12216
2269
12499
4700
11229
5737
15715
7282
10235
13262
5104
1173
10307
1337
274
6279
11809
7622
5560
17275
11609
8936
1356
9280
5290
17370
6039
9821
11592
15233
3903
16052
5610
16664
11847
5236
10449
9480
4739
11833
9898
14485
19818
8951
11899
15144
11354
9834
11304
10908
7075
3987
9634
3916
5354
10666
2263
16343
1614
19433
3174
14301
4237
15704
6846
9876
11442
11393
13800
11196
4934
1765
18720
5510
14339
14097
12196
14825
2130
1500
5445
8507
129
8388
12132
16624
11015
14421
17812
12135
1910
18809
17834
15425
9175
12516
16121
17196
2890
19619
13530
8381
2658
10878
19665
4329
9706
12994
892
2568
1986
2537
10339
15959
13560
15602
7034
3391
6629
8849
13916
1014
13681
766
17886
19342
4794
5382
10584
4235
9181
13431
1191
11590
12167
1962
6105
6669
789
15939
13669
18303
15867
5248
9397
18161
15251
18473
11058
8828
17151
8331
15948
3166
2355
4755
12588
4672
3377
19700
9426
18184
12041
12651
5530
16325
9113
15384
16488
7635
3754
16784
19084
12022
17385
7526
19797
11921
9242
7689
18723
19853
9358
5781
6209
12056
734
16775
2493
15140
12311
16200
8701
17449
2765
17852
5925
2916
7582
18456
16228
13546
4553
571
19691
14731
17878
7816
3797
6341
4000
7612
1470
16886
6715
19945
4253
8158
6344
6110
10129
18055
4547
12652
5028
15684
10472
19267
1232
10104
15761
17811
13809
11186
4986
1293
9862
5850
9820
5563
11989
4334
13654
3380
1220
2553
18912
17056
9380
16901
14884
10392
10853
810
16413
1360
15238
19681
2611
3927
5435
6490
19594
7669
4044
6778
15333
1373
8779
8043
5722
7321
11795
13384
2950
7584
9051
5717
1897
16608
827
12794
15429
10165
13204
16771
18959
334
13603
15668
5302
8955
7072
11968
1813
19262
17635
14826
1975
5089
15108
81
16464
4090
16039
10379
16685
6832
4965
6854
3354
8435
5581
3195
14637
4791
19644
14423
12898
17862
4139
2923
12381
15566
1803
7373
4035
7149
16485
12016
3030
18789
16297
3196
11168
4350
3184
8741
4135
944
18679
4631
605
5735
7900
14329
12721
13816
19238
16135
5434
5188
6041
16235
6006
18100
12134
11310
13584
19455
15707
15111
4908
439
12512
2024
4551
5980
13468
6513
4942
9067
3661
13748
6781
9419
18039
4555
18745
15385
12432
10935
10667
8897
13478
6605
6126
3759
92
14307
5719
16945
14308
9707
8840
4349
13135
11788
12038
18149
19113
14508
7337
2358
19491
9534
9177
16742
17103
932
371
19432
6245
19957
1556
5271
10011
18089
18537
7287
1201
17404
7101
12453
16533
11576
2471
13882
3475
19634
19385
3148
7625
13365
3225
19554
255
8915
831
10267
13982
4192
5182
8455
5019
720
18713
3143
13647
15911
15444
12881
10816
12868
9102
13230
14836
10389
2417
2080
8816
15661
10648
7246
8334
1594
7181
11389
14158
11110
11719
1818
18319
8130
6133
5817
13278
10064
16909
11447
1005
15102
1157
8419
13885
10223
699
4767
1835
2438
13888
8613
6766
7211
3855
4434
19804
8095
3850
12606
7971
18676
5866
14685
3958
10820
18504
11654
5481
17184
4314
17833
18547
10842
9025
1597
17365
11697
8893
6155
13129
7227
10557
3890
11685
10112
13556
18872
4277
8422
18283
13508
1917
18120
15067
18144
12998
5683
5484
8161
1174
11845
5406
17694
5081
6178
11541
17890
19740
613
4823
8426
3101
13846
14634
19813
3359
8645
10352
4855
13406
8358
642
1581
9893
8232
13092
10154
12632
2011
10381
3495
6505
4864
15228
181
18970
6980
8835
14860
409
17953
4579
3227
7497
18420
10830
3814
19331
10023
16544
10402
9492
541
11400
15560
19574
8674
6577
12093
11279
5425
3
17333
14754
9926
18613
12110
6919
9863
5631
16635
16195
8582
3261
18165
4240
293
5712
2743
14453
8808
15869
12291
12576
2244
4895
7453
5694
17550
1022
7731
2796
17472
6974
7706
6182
11917
9144
2373
11526
8329
10626
16868
11472
9643
19027
3955
14804
18434
5978
12334
5537
3327
18035
10658
11892
14257
6390
2900
1877
644
9718
15302
15068
3685
5006
2899
11010
18489
10001
4083
3049
3978
2685
356
11919
5032
9375
7394
13519
11440
12880
11732
16305
4447
8704
18436
11444
7479
5413
18899
2992
104
17544
1869
17171
10076
9462
3025
14406
7364
7405
16783
19861
7631
16047
4173
11557
5779
350
18572
5745
19186
11712
15117
11883
13199
8731
10455
18832
10664
19407
16512
17160
5606
18738
17105
10618
12540
12916
1247
5166
15993
3274
18468
3608
12867
13945
12463
19656
2486
18503
8859
17856
5728
7809
15941
6025
9571
6637
7180
1852
5462
1391
5418
7858
16860
17801
10214
2869
10416
16178
6032
14779
5864
15231
3967
19951
11367
10748
4603
10337
11513
6098
13958
1604
6661
11292
5330
5854
19894
685
607
9910
2320
2547
18094
18969
7991
7927
12500
12111
4890
8467
3160
6981
866
13980
9659
6328
3506
16206
6260
12879
15597
17322
14377
7140
16907
14619
8583
14178
9807
16096
2838
6547
1054
12558
9746
5823
3238
15468
18496
5056
9298
4833
3599
8603
19990
19373
13796
713
16480
3982
16115
16900
15938
6204
16863
2574
12565
1831
6162
5941
15408
9848
3605
9188
8282
1781
15689
9908
14534
1003
4632
11510
16182
14078
13970
7779
8890
5392
8569
11323
8264
4778
18951
11445
2344
9357
18650
6670
2570
11684
15285
11277
14996
9450
7137
19121
2462
5349
7950
8744
17496
8224
13880
7579
9292
18271
2349
5812
10774
19102
16721
13672
10915
6449
12289
14291
4093
5702
435
16829
4325
8427
15538
14790
5011
11132
7554
8721
9343
10942
19926
9126
13065
16954
13442
19254
5064
13007
17529
19162
10976
4170
7172
4344
11053
9883
13920
17036
1482
7750
9584
4231
3528
10755
12498
18644
7329
10108
6479
16099
17014
3031
17130
11216
7514
14475
4040
5344
12714
1322
2384
7846
2962
1067
2225
10486
18356
16823
18417
14415
2563
627
15488
4596
2041
6930
12825
10699
4581
17911
5986
4512
17634
4396
19661
19856
10508
16190
19545
14786
13834
11055
12847
18930
17049
10604
7425
14131
1519
18154
3718
558
8944
1228
9937
16261
10919
13340
16598
8248
5084
16205
15929
16111
9857
16120
14851
263
19689
14117
3665
8106
10045
12753
4520
3622
15537
4909
18944
14332
15503
798
6130
15076
15737
4062
19012
3453
18431
6884
14055
18075
4023
12545
8375
3291
3403
8392
13872
1433
7869
12363
14571
12158
8830
11267
19748
5842
19026
13996
7431
18536
17281
14586
4652
18153
4484
13249
8372
13651
3223
9581
5409
1719
18541
10170
13382
2677
14297
14195
16232
11117
8448
16368
5111
10542
2032
5475
3956
6597
5396
7678
5765
6603
5698
18825
15284
412
4268
8826
15433
7760
1381
18314
19296
3449
13576
6023
15553
4956
4970
17223
1295
5477
17072
3996
18235
7274
6251
8801
11119
2381
1435
19687
5289
4839
10483
12627
10614
8254
16911
3124
2667
11322
19827
4338
9982
3964
441
15720
11668
10128
13738
12650
3375
6082
14802
10185
17839
16148
10549
10324
8203
16027
1362
15765
11221
16136
19364
2603
18632
3337
12226
5038
3258
6848
13055
11181
3099
18606
19376
7566
14979
15552
8443
12071
9775
19707
17738
11556
6062
11680
501
19321
6626
13487
15110
11461
15610
5496
18671
13772
14911
2539
7973
17758
2849
13489
11766
5785
16019
16013
326
13207
19724
15919
1213
10609
12610
3440
16376
6465
3321
6855
10802
14279
8150
11484
19795
7426
10961
10527
17513
13178
16612
193
15531
6791
12523
5679
8509
998
2873
13999
8969
12357
4064
12956
6183
578
11949
8833
15368
2152
16851
11613
11138
15275
7943
5880
15589
12515
18009
5529
786
6137
851
17629
8584
8413
16049
8610
11820
16604
19636
14234
19192
5750
1733
13374
13390
4616
4753
18219
12997
15319
18399
9317
12345
17706
7241
19720
4780
7375
317
10278
11144
6053
4826
8755
6933
6742
13861
18928
18839
19729
10356
8285
6358
6558
446
5731
18037
14805
16357
19828
2175
19091
3493
7936
1780
7536
306
11645
19890
1353
2797
9236
15840
14110
7450
16502
5159
12156
10512
19200
12770
16522
16044
2696
17516
3078
19210
17384
2083
8884
6207
7209
2640
10953
12042
13764
15776
2879
13622
13270
10181
2196
8060
5923
6018
19746
4493
9915
13010
2858
16638
1132
12571
13220
7230
9511
415
9817
14217
14939
9172
6456
14464
11398
5911
11806
9233
8956
14283
3600
1559
18449
733
13841
1585
17844
14854
12307
12872
15185
1198
13004
15533
17380
3474
9257
9551
19157
13040
3968
8728
9519
15556
19500
4899
6761
7698
15365
11329
98
10588
4075
9427
16935
10741
17577
15441
6743
416
7035
15264
3399
4229
5877
5444
11264
12182
184
8273
12779
12645
18966
19959
12461
7540
11309
10040
6533
5410
7560
18452
13907
8873
10836
14001
5146
4938
5398
19292
17979
16702
2347
622
3627
18867
1612
5545
9886
16315
8858
12404
17423
4878
7520
7239
1912
8377
1891
11225
14920
1069
16633
9642
10684
1134
4728
14445
11934
13484
1123
11982
9170
10413
8045
13352
16588
8811
3358
280
13193
2730
6789
12451
5808
10299
13645
14186
14824
1770
10313
5141
5934
16375
9809
3048
673
17674
5952
6700
19327
9165
13113
3844
6925
1209
10700
5040
6031
14198
15123
199
17278
4005
3347
13441
13299
10610
10252
1375
15656
18223
976
13372
19884
17235
12326
4320
16994
16411
7132
14506
8502
4464
7832
3446
16558
9456
5747
10368
19337
16446
10956
17704
17671
17921
14797
1114
19863
7748
1976
2688
1215
6596
12304
18871
14889
11857
10101
19144
5634
18655
13236
2932
18293
3082
17968
452
10222
13712
9332
13670
15383
1684
8220
12065
6873
12936
3394
18132
3526
18742
6959
12191
6514
10273
8355
3356
4305
12274
8042
10285
9759
1965
13668
10702
16609
7660
15306
13548
4657
4469
13170
19470
19846
16944
3578
2497
14696
4341
9912
1824
17206
5066
10435
12984
8566
4999
18312
3053
19378
16708
6770
31
4696
19866
10424
12852
6034
7300
18438
10274
14589
1530
1773
17746
1035
7902
18162
355
15613
1677
1255
11457
13847
8486
188
4437
10293
14882
9044
13509
11736
17786
15800
18823
12630
18920
5953
9978
13961
13471
4936
8128
11063
10534
15937
14265
2625
19947
3017
18623
5172
14678
16079
17554
17186
4293
3012
5649
13599
18103
11876
2357
10183
16681
14129
6663
2483
16345
8021
10843
15409
15733
6586
12836
14374
13623
18884
9878
18307
17570
17096
14591
8290
8318
1296
2616
10799
1727
14458
15209
8761
13849
7280
19632
3957
19596
7316
19177
2586
814
6552
2474
7654
8667
2736
4109
19212
9773
10765
17064
15713
17825
9141
14299
19120
17621
9026
15659
14211
507
15513
12917
11716
6201
5949
2495
18709
1635
11664
3096
7792
12560
11441
10771
9591
1317
1608
7912
1130
58
14325
7859
2989
12155
11439
11888
16372
267
6146
1472
7238
13561
9105
4011
955
14045
10111
18808
12391
4997
1513
12892
9348
14893
9028
5879
14926
9875
8960
6619
8967
18316
5291
9865
11145
10221
15839
17082
9420
9099
9547
11718
9864
16796
8251
7088
5047
7278
15386
11601
6535
16360
6305
2608
3395
2867
17216
18719
8919
5208
10701
9189
5654
9488
10218
14622
19356
8661
17378
8265
7264
7283
3853
19997
15011
18044
17617
19442
11425
9312
665
13510
17107
885
17407
15635
4919
15878
2171
7396
19611
15330
12923
502
1713
246
19628
19266
17551
9647
1583
4548
3280
3714
16514
6910
16471
19918
2624
3586
1555
3322
960
6489
5259
18766
16843
12054
3234
6499
14553
6408
8480
18368
2014
10758
6085
10378
10054
3071
4741
10210
6885
8125
16993
1618
175
386
16697
1087
3491
10739
11856
18088
4249
17309
13016
11328
8012
8350
15432
15205
5266
1578
12000
11262
5843
19876
4373
992
6233
19052
2848
2717
15781
9565
7646
17658
17847
18838
10726
3581
14545
17253
14122
8938
9887
14772
18909
13600
7242
10871
15979
18963
10909
3839
8617
17865
8442
13120
15370
1748
2910
14281
8857
16709
4442
3576
14342
11672
17914
16035
9027
17868
9526
1417
10813
1907
19107
7343
19556
7262
584
18726
11061
6189
7385
4236
19928
17602
19663
16196
8733
19503
15413
1802
13525
1064
18285
6266
3059
12298
13218
18710
12126
10438
9372
9371
5299
1527
18193
10902
3711
13770
3230
13887
18245
17918
6802
876
6896
14529
15940
1928
4509
16455
18979
12939
1423
17794
14267
17179
9245
8116
13460
3368
7910
9331
2120
18807
1659
11405
7819
4708
170
9155
8738
10730
19142
15509
13968
19000
13102
10326
19055
8868
539
10795
17874
10371
2771
18246
14199
1126
5287
11288
7860
13219
10147
9805
15482
14220
19702
10852
17405
7482
13008
12207
19269
14304
2781
5022
1837
1755
1272
9944
17503
4245
11485
4233
10737
17599
10084
1469
9220
4190
16717
15863
9326
9692
15288
16149
6550
3572
8065
10823
11069
17985
6281
9366
10640
9636
14838
14512
38
5153
11190
11569
10010
17247
16603
11060
3808
3408
17747
10887
8510
16399
17817
3318
4508
4037
2441
9631
8400
10724
2338
11377
5951
7652
2761
3732
3297
18587
14822
3670
19100
18028
4244
15996
11693
9722
9460
11568
13506
5364
16192
9594
8297
3100
14945
11007
174
14040
5567
4151
10905
18264
4776
11761
18069
19158
6481
16885
13746
18290
2328
8997
2416
15115
7441
6512
15037
8651
14412
6545
12748
4683
16133
18960
9424
4435
11975
17920
3149
953
16607
8167
19964
18485
15752
18948
6121
598
11214
14232
3126
15871
2513
5228
12729
17823
16439
18869
11244
11940
14089
10426
1145
14206
7818
8496
17422
3033
18569
8698
8539
6728
17735
9879
15462
11311
7320
17455
7026
19253
1816
11355
8170
8186
6093
3969
2987
12256
14598
11707
3454
17951
3215
12723
7707
19325
12121
13709
1448
3047
19194
10136
8
7724
18272
9154
4414
16735
1079
9904
2588
1750
5421
18817
17828
19317
7993
14633
18014
15448
19613
2505
9691
10157
14841
1350
19538
14739
18155
2209
3406
19904
17649
9381
6821
18836
6658
1166
9454
428
17639
13124
3902
8037
18472
8410
12530
16331
7603
11901
15347
16660
19559
16687
33
8633
3173
5655
15470
4377
4358
14273
8684
13648
6830
10867
10792
6701
3076
3995
12144
16730
6011
14757
17387
17313
12507
8276
2994
13573
11773
8420
14835
3275
7969
6822
13655
10410
5487
15130
4009
6918
12676
5629
3219
13397
15304
1809
12834
8006
14454
17926
564
2833
3610
3884
14119
15858
10286
14679
7099
2997
15246
9525
16879
5846
17112
13335
8415
3308
8548
633
8831
294
13407
11520
4840
16091
17899
19345
223
9359
11726
14355
13869
10841
19496
849
2457
7366
9930
10932
19132
5604
12762
16800
5446
4483
12677
13470
8736
6369
12427
11068
632
14152
13586
16212
12469
9578
5757
9635
8682
19521
6056
12113
13893
17892
2191
9295
4684
18649
3761
10753
2044
3534
6543
17244
15696
11850
19860
12097
11404
1758
12874
11106
14073
16164
10014
4709
9230
842
398
2045
15387
1602
12375
4707
728
4446
19852
19136
14895
12519
2757
9858
10892
7361
14682
3888
5667
11839
11991
11153
7923
14624
17885
1516
18344
15440
4906
18471
13581
14042
15846
5705
120
11135
12778
1357
40
14356
18609
10674
12991
1085
6403
14272
5674
16408
420
6158
19891
10732
16140
17061
9675
15778
12127
3897
15855
16817
4061
19536
7966
10591
10295
8382
3209
12683
6141
16981
7865
12476
3749
5549
7269
14471
10142
17900
8664
1936
13954
16010
16806
9825
6916
14479
4989
19011
9019
15310
3648
15303
8534
2450
466
17676
13274
1584
3596
7989
11497
2020
6899
18359
10645
5391
14699
18273
1663
1923
18703
8825
18794
6397
12970
17778
16670
7231
14881
11390
7492
16113
4067
14000
682
1509
18923
5350
10622
19753
2308
19258
12690
9788
11280
9963
16466
10562
14916
17945
10659
18625
2157
8691
17182
4858
13006
6164
18208
2169
14943
18113
5041
9049
3089
17355
16218
8675
15843
3203
1055
19181
11
907
5509
9835
8351
2924
12175
18361
5043
318
16731
2684
11814
9070
14439
5780
16765
15786
18700
4308
1694
10224
9849
10388
7751
18986
7355
2536
11864
15010
19616
17790
12795
440
6252
17001
11533
7243
4046
15418
19765
6592
12777
8671
11881
17121
10118
147
5045
5540
11746
9152
10997
527
10934
2096
11422
15163
19819
6190
18337
9765
303
3614
11180
12792
1369
6409
1865
19242
8114
1529
12183
6170
9568
3946
6224
456
11837
8529
13272
2304
15650
264
9736
8520
5954
7286
14435
6887
908
18590
4946
13569
6666
1990
219
4432
17467
13273
6736
4874
9512
5051
2772
18929
15522
14022
2366
7769
10155
6609
13483
3669
9138
1285
9415
8291
3687
10200
5557
7236
16760
18868
12555
3388
17838
13403
16618
1101
13956
18464
17990
17083
11188
4018
1640
17271
18226
2006
19413
17330
1828
8230
9322
6326
3114
12987
16198
426
3331
17879
9338
9899
11368
7666
18087
901
8157
4008
18967
18659
16191
10507
7616
11966
10074
624
17905
2226
8370
19764
16362
8280
3686
547
10280
9806
5014
6824
10447
8317
19942
4160
17904
2183
13868
12505
4006
11704
7047
9586
12625
2186
1029
12818
5430
4271
10106
18688
18066
4
14446
11492
13908
13891
15014
13154
10086
5810
13877
1673
16920
18108
3201
11194
12497
7606
11468
17481
4985
1742
9811
17925
3374
13253
5695
8199
2693
737
17525
11938
11341
5687
13115
14902
12710
5072
12409
17457
13436
6729
11774
14829
1784
18707
18342
3835
913
13921
6572
7895
2421
11278
5831
17437
5451
4292
17742
15771
13474
19124
1687
11428
18268
16244
8832
19725
17173
15882
3659
14315
15481
9888
7848
12331
3382
14381
18855
7255
10081
4082
14801
10631
17987
8447
6317
4224
5973
8424
16809
5796
16143
8578
10904
8537
3544
18441
9687
7789
18453
12367
1026
1104
9401
6064
5483
17974
1283
2174
15854
19182
10148
18515
10060
13255
11615
3735
7455
11427
8975
5514
495
3617
16193
12848
8226
11097
14876
4544
16991
7416
9127
12938
8626
13379
18338
9720
2368
14203
9954
14343
19014
2380
9477
14033
12264
9363
906
15281
9066
2947
14503
12234
1983
16486
14726
2934
6727
8373
19106
864
13296
19068
4556
2739
15633
1497
14640
16616
8333
11222
6029
1438
16217
3785
8001
17172
14969
15390
18648
19206
1764
14359
13820
19005
6469
13039
9943
19185
8737
9117
6829
11030
12577
14196
18205
3734
6811
18000
6493
9976
4343
15561
9583
7754
18062
14243
5696
19883
17871
16381
7307
739
3206
18668
15981
11977
17901
2908
4577
3919
12563
1645
2540
1720
19955
4841
6402
700
3983
4392
11751
11500
12101
10238
4816
16912
8793
5686
10338
3574
12782
18890
6903
13321
14878
13038
8712
6087
3383
18016
12978
13911
11553
12805
8769
1547
6
17340
19340
17199
4128
11670
12194
8361
19835
5039
18958
2063
5437
8380
3091
15574
4112
2057
16419
11019
5730
13293
16562
12883
12471
1084
12885
12150
15828
18487
5238
5713
8778
3439
18269
17659
19399
13932
9453
15942
17663
10598
15225
9827
13245
9628
16799
2847
4246
10231
6587
10518
5231
5097
13842
19805
3138
13627
9342
825
8421
94
18376
4589
15039
7377
6376
19897
15061
14848
18311
6467
18233
4528
12855
12108
7879
19183
6720
19629
8346
5946
6712
714
10258
3837
10052
13653
628
11423
1499
10759
6746
13059
16692
18406
7956
11595
6177
4500
15270
12243
4164
13348
11744
2638
7713
11396
7743
16495
1688
7126
12954
1221
516
17928
9478
1107
491
17555
10097
7281
4531
17360
10458
8697
1406
13426
18021
13105
1898
10034
8345
15207
77
345
6134
14853
19507
13524
19976
16595
16356
8860
1626
1876
10444
4211
68
3922
17117
9906
19002
1700
769
758
17383
863
18840
17927
13993
17466
17762
3164
4787
5512
3723
7178
18926
7827
17208
18770
11643
18031
12905
85
3153
19888
9819
14664
17770
17204
4882
843
13582
16680
14948
6749
4734
12937
12975
9192
1473
5223
2534
9839
3907
9171
13634
8640
17727
8542
19809
6764
6732
1946
16416
13049
3984
12428
4028
13775
9457
9724
1749
9972
7495
13633
3940
10763
729
14818
14420
3575
17514
13058
580
8259
5653
1147
10127
14027
8907
12703
8034
7920
5442
19061
18523
17714
12300
15286
8818
3494
14132
18152
4124
7815
12931
12989
12478
12704
10198
18910
18568
7222
346
821
5362
3351
19311
8348
10773
17804
1807
2672
5957
2578
16314
962
10727
5507
19402
8819
6316
6946
1056
1241
14241
8757
9546
7651
16467
2633
13941
4215
5055
6459
6045
4076
6108
1623
2967
11714
7679
1980
7061
19140
8943
16094
16496
17960
4554
7443
19154
5836
18326
2370
9984
11011
7908
19961
2975
14285
3592
11080
9786
17622
7267
1457
19214
3962
9740
19581
18801
11075
8468
10959
9822
12483
11775
12396
15154
16857
12909
9655
19730
19693
7378
6993
477
666
19814
12301
3385
4872
8096
12198
7319
4388
12758
1931
12669
4530
17781
3270
4742
12854
1994
9038
3570
2728
10152
10226
194
1288
19050
9684
145
14314
16208
1111
2138
10906
5668
15019
1904
13476
3169
17909
16816
11087
4798
9309
9430
14759
18894
12594
1187
18215
4941
19477
7256
13977
10323
2816
18237
555
17720
13839
10340
3303
4416
14390
16353
9304
5106
3624
6852
14820
17553
4290
13962
5225
8498
620
3799
12581
3905
138
19323
14052
18168
19974
13779
10474
7982
5363
9234
929
16736
4922
5002
6517
2511
9259
432
18554
13922
16895
6970
9214
6583
11381
11910
3075
12869
15112
3877
6864
12319
9018
6546
6694
13179
3531
2948
19368
12618
5080
3171
18133
16711
3708
2789
17787
5211
2242
15063
16492
5328
3098
4699
11674
17670
3548
8628
939
8693
14842
6095
3006
8885
17977
7370
9007
3205
9479
9800
257
18633
9763
2917
8555
102
2194
1680
14373
13313
12988
1366
7614
4537
5896
18837
18373
2447
